24.0  24.0  24.0  26.1  27.4  28.1  28.0  28.0  28.0  
24.0  24.0  27.0  30.0  32.0  33.0  33.0  33.0  33.0  
16.0  16.0  16.9  18.9  19.8  20.7  20.7  20.7  20.7  
14.0  14.0  16.0  17.4  18.9  18.9  18.9  18.9  18.9  
24.0  24.0  24.0  26.1  27.4  28.1  28.0  28.0  28.0 
24.0  24.0  24.0  26.1  27.4  28.1  28.0  28.0  28.0 
16.0  16.0  16.9  18.9  19.8  20.7  20.7  20.7  20.7 
14.0  14.0  16.0  17.4  18.9  18.9  18.9  18.9  18.9 
20.0  20.0  21.9  24.9  25.8  25.7  25.7  25.7  25.7 
24.0  24.0  24.0  26.1  27.4  28.1  28.0  28.0  28.0 
14.0  14.0  16.0  17.4  18.9  18.9  18.9  18.9  18.9 
14.0  14.0  16.0  17.4  18.9  18.9  18.9  18.9  18.9 
18.0  18.0  18.9  21.9  22.8  22.7  22.7  22.7  22.7 
18.0  18.0  18.9  21.9  22.8  22.7  22.7  22.7  22.7 
14.0  14.0  16.0  17.4  18.9  18.9  18.9  18.9  18.9 
14.0  14.0  16.0  17.4  18.9  18.9  18.9  18.9  18.9
21.0  21.0  24.5  26.7  27.7  28.3  28.4  28.4  28.4
24.0  24.0  27.0  30.0  32.0  33.0  33.0  33.0  33.0
16.0  16.0  16.9  18.9  19.8  20.7  20.7  20.7  20.7
14.0  14.0  16.0  17.4  18.9  18.9  18.9  18.9  18.9  
21.0  21.0  24.5  26.7  27.7  28.3  28.4  28.4  28.4
24.0  24.0  24.0  26.1  27.4  28.1  28.0  28.0  28.0
16.0  16.0  16.9  18.9  19.8  20.7  20.7  20.7  20.7
14.0  14.0  16.0  17.4  18.9  18.9  18.9  18.9  18.9
19.5  19.5  23.2  25.2  26.1  26.4  26.4  26.4  26.4
24.0  24.0  24.0  26.1  27.4  28.1  28.0  28.0  28.0
14.0  14.0  16.0  17.4  18.9  18.9  18.9  18.9  18.9
14.0  14.0  16.0  17.4  18.9  18.9  18.9  18.9  18.9
17.5  17.5  21.2  23.1  23.8  23.8  23.8  23.8  23.8
17.5  17.5  21.2  23.1  23.8  23.8  23.8  23.8  23.8
14.0  14.0  16.0  17.4  18.9  18.9  18.9  18.9  18.9
14.0  14.0  16.0  17.4  18.9  18.9  18.9  18.9  18.9
15.3  15.3  17.6  19.0  19.6  19.9  19.9  19.9  19.9
15.2  15.2  18.4  20.9  22.8  23.9  23.9  23.9  23.9
 8.5   8.5  10.9  12.7  14.1  15.0  15.0  15.0  15.0
10.4  10.4  11.7  12.7  13.4  13.4  13.4  13.4  13.4
15.3  15.3  17.6  19.0  19.6  19.9  19.9  19.9  19.9
15.3  15.3  17.6  19.0  19.6  19.9  19.9  19.9  19.9
 8.5   8.5  10.9  12.7  14.1  15.0  15.0  15.0  15.0
10.4  10.4  11.7  12.7  13.4  13.4  13.4  13.4  13.4
14.2  14.2  15.9  17.0  17.6  17.9  18.1  18.1  18.1
15.3  15.3  17.6  19.0  19.6  19.9  19.9  19.9  19.9
10.4  10.4  11.7  12.7  13.4  13.4  13.4  13.4  13.4
10.4  10.4  11.7  12.7  13.4  13.4  13.4  13.4  13.4
12.0  12.0  14.1  15.5  16.1  16.1  16.1  16.1  16.1
12.0  12.0  14.1  15.5  16.1  16.1  16.1  16.1  16.1
10.4  10.4  11.7  12.7  13.4  13.4  13.4  13.4  13.4
10.4  10.4  11.7  12.7  13.4  13.4  13.4  13.4  13.4
15.3  15.3  17.6  19.0  19.6  19.9  19.9  19.9  19.9
15.2  15.2  18.4  20.9  22.8  23.9  23.9  23.9  23.9
 8.5   8.5  10.9  12.7  14.1  15.0  15.0  15.0  15.0
10.4  10.4  11.7  12.7  13.4  13.4  13.4  13.4  13.4
14.0  14.0  17.4  18.4  18.9  19.3  19.3  19.3  19.3
15.3  15.3  17.6  19.0  19.6  19.9  19.9  19.9  19.9
 8.5   8.5  10.9  12.7  14.1  15.0  15.0  15.0  15.0
10.4  10.4  11.7  12.7  13.4  13.4  13.4  13.4  13.4
13.2  13.2  16.3  17.3  17.8  18.0  18.0  18.0  18.0
15.3  15.3  17.6  19.0  19.6  19.9  19.9  19.9  19.9
10.4  10.4  11.7  12.7  13.4  13.4  13.4  13.4  13.4
10.4  10.4  11.7  12.7  13.4  13.4  13.4  13.4  13.4
12.8  12.8  15.3  16.1  16.5  16.5  16.5  16.5  16.5
12.8  12.8  15.3  16.1  16.5  16.5  16.5  16.5  16.5
10.4  10.4  11.7  12.7  13.4  13.4  13.4  13.4  13.4
10.4  10.4  11.7  12.7  13.4  13.4  13.4  13.4  13.4
* EXPLANATIONS FOR THE ABOVE MATERIAL:
* KANGASMAA ETELA-SUOMI >1200 dd ENNEN HAKKUUTA
*       10    12    14    16    18    20    22    24    26  !hdom
* OMT
     +24.0, 24.0, 24.0, 26.1, 27.4, 28.1, 28.0, 28.0, 28.0, ! MT manty
     +24.0, 24.0, 27.0, 30.0, 32.0, 33.0, 33.0, 33.0, 33.0, ! Kuusi
     +16.0, 16.0, 16.9, 18.9, 19.8, 20.7, 20.7, 20.7, 20.7, ! Raudus OMT&MT
     +14.0, 14.0, 16.0, 17.4, 18.9, 18.9, 18.9, 18.9, 18.9, ! Hies P-S viljava turvemaa
* MT
     +24.0, 24.0, 24.0, 26.1, 27.4, 28.1, 28.0, 28.0, 28.0, ! Manty
     +24.0, 24.0, 24.0, 26.1, 27.4, 28.1, 28.0, 28.0, 28.0, ! Kuusi
     +16.0, 16.0, 16.9, 18.9, 19.8, 20.7, 20.7, 20.7, 20.7, ! Raudus OMT&MT
     +14.0, 14.0, 16.0, 17.4, 18.9, 18.9, 18.9, 18.9, 18.9, ! Hies P-S viljava turvemaa
* VT
     +20.0, 20.0, 21.9, 24.9, 25.8, 25.7, 25.7, 25.7, 25.7, ! Manty
     +24.0, 24.0, 24.0, 26.1, 27.4, 28.1, 28.0, 28.0, 28.0, ! Kuusi (MT)
     +14.0, 14.0, 16.0, 17.4, 18.9, 18.9, 18.9, 18.9, 18.9, ! Raudus=Hies
     +14.0, 14.0, 16.0, 17.4, 18.9, 18.9, 18.9, 18.9, 18.9, ! Hies P-S viljava turvemaa
* CT
     +18.0, 18.0, 18.9, 21.9, 22.8, 22.7, 22.7, 22.7, 22.7, ! Manty
     +18.0, 18.0, 18.9, 21.9, 22.8, 22.7, 22.7, 22.7, 22.7, ! Kuusi=Manty CT
     +14.0, 14.0, 16.0, 17.4, 18.9, 18.9, 18.9, 18.9, 18.9, ! Raudus=Hies
     +14.0, 14.0, 16.0, 17.4, 18.9, 18.9, 18.9, 18.9, 18.9/ ! Hies P-S viljava turvemaa
* TURVEMAA ETELA-SUOMI; kuusi > 1200 dd, ma > 1025 dd ENNEN HAKKUUTA
*       10    12    14    16    18    20    22    24    26  !hdom
* Ruohoiset yms rehevat suot
     +21.0, 21.0, 24.5, 26.7, 27.7, 28.3, 28.4, 28.4, 28.4, ! Manty MtkgII
     +24.0, 24.0, 27.0, 30.0, 32.0, 33.0, 33.0, 33.0, 33.0, ! Kuusi OMT
     +16.0, 16.0, 16.9, 18.9, 19.8, 20.7, 20.7, 20.7, 20.7, ! Raudus OMT&MT
     +14.0, 14.0, 16.0, 17.4, 18.9, 18.9, 18.9, 18.9, 18.9, ! Hies P-S viljava turvemaa
* Mtkg II
     +21.0, 21.0, 24.5, 26.7, 27.7, 28.3, 28.4, 28.4, 28.4, ! Manty
     +24.0, 24.0, 24.0, 26.1, 27.4, 28.1, 28.0, 28.0, 28.0, ! Kuusi MT
     +16.0, 16.0, 16.9, 18.9, 19.8, 20.7, 20.7, 20.7, 20.7, ! Raudus OMT&MT
     +14.0, 14.0, 16.0, 17.4, 18.9, 18.9, 18.9, 18.9, 18.9, ! Hies P-S viljava turvemaa
* Ptkg II ja Ptkg I
     +19.5, 19.5, 23.2, 25.2, 26.1, 26.4, 26.4, 26.4, 26.4, ! Manty
     +24.0, 24.0, 24.0, 26.1, 27.4, 28.1, 28.0, 28.0, 28.0, ! Kuusi (MT)
     +14.0, 14.0, 16.0, 17.4, 18.9, 18.9, 18.9, 18.9, 18.9, ! Raudus=Hies
     +14.0, 14.0, 16.0, 17.4, 18.9, 18.9, 18.9, 18.9, 18.9, ! Hies P-S viljava turvemaa
* Vatg
     +17.5, 17.5, 21.2, 23.1, 23.8, 23.8, 23.8, 23.8, 23.8, ! Manty
     +17.5, 17.5, 21.2, 23.1, 23.8, 23.8, 23.8, 23.8, 23.8, ! Kuusi=Manty Vatkg
     +14.0, 14.0, 16.0, 17.4, 18.9, 18.9, 18.9, 18.9, 18.9, ! Raudus=Hies
     +14.0, 14.0, 16.0, 17.4, 18.9, 18.9, 18.9, 18.9, 18.9/ ! Hies P-S viljava turvemaa
* KANGASMAAT ETELA-SUOMI  HAKKUUN JALKEEN ... 
*OMT    10    12    14    16    18    20    22    24    26   metria
     +15.3, 15.3, 17.6, 19.0, 19.6, 19.9, 19.9, 19.9, 19.9, ! Manty =MT manty
     +15.2, 15.2, 18.4, 20.9, 22.8, 23.9, 23.9, 23.9, 23.9, ! Kuusi
     + 8.5,  8.5, 10.9, 12.7, 14.1, 15.0, 15.0, 15.0, 15.0, ! Raudus
     +10.4, 10.4, 11.7, 12.7, 13.4, 13.4, 13.4, 13.4, 13.4, ! Hies P-S viljava turvemaa
*MT
     +15.3, 15.3, 17.6, 19.0, 19.6, 19.9, 19.9, 19.9, 19.9, ! Manty
     +15.3, 15.3, 17.6, 19.0, 19.6, 19.9, 19.9, 19.9, 19.9, ! Kuusi
     + 8.5,  8.5, 10.9, 12.7, 14.1, 15.0, 15.0, 15.0, 15.0, ! Raudus
     +10.4, 10.4, 11.7, 12.7, 13.4, 13.4, 13.4, 13.4, 13.4, ! Hies P-S viljava turvemaa
*VT
     +14.2, 14.2, 15.9, 17.0, 17.6, 17.9, 18.1, 18.1, 18.1, ! Manty
     +15.3, 15.3, 17.6, 19.0, 19.6, 19.9, 19.9, 19.9, 19.9, ! Kuusi (MT)
     +10.4, 10.4, 11.7, 12.7, 13.4, 13.4, 13.4, 13.4, 13.4, ! Raudus=Hies
     +10.4, 10.4, 11.7, 12.7, 13.4, 13.4, 13.4, 13.4, 13.4, ! Hies P-S viljava turvemaa
*CT
     +12.0, 12.0, 14.1, 15.5, 16.1, 16.1, 16.1, 16.1, 16.1, ! Manty
     +12.0, 12.0, 14.1, 15.5, 16.1, 16.1, 16.1, 16.1, 16.1, ! Kuusi=CT manty
     +10.4, 10.4, 11.7, 12.7, 13.4, 13.4, 13.4, 13.4, 13.4, ! Raudus=Hies
     +10.4, 10.4, 11.7, 12.7, 13.4, 13.4, 13.4, 13.4, 13.4/ ! Hies P-S viljava turvemaa
* TURVEMAAT ETELA-SUOMI HAKKUUN JALKEEN
*OMT    10    12    14    16    18    20    22    24    26   metria
     +15.3, 15.3, 17.6, 19.0, 19.6, 19.9, 19.9, 19.9, 19.9, ! Manty =MT manty
     +15.2, 15.2, 18.4, 20.9, 22.8, 23.9, 23.9, 23.9, 23.9, ! Kuusi
     + 8.5,  8.5, 10.9, 12.7, 14.1, 15.0, 15.0, 15.0, 15.0, ! Raudus
     +10.4, 10.4, 11.7, 12.7, 13.4, 13.4, 13.4, 13.4, 13.4, ! Hies P-S viljava turvemaa
*MtkgII
     +14.0, 14.0, 17.4, 18.4, 18.9, 19.3, 19.3, 19.3, 19.3, ! Manty
     +15.3, 15.3, 17.6, 19.0, 19.6, 19.9, 19.9, 19.9, 19.9, ! Kuusi
     + 8.5,  8.5, 10.9, 12.7, 14.1, 15.0, 15.0, 15.0, 15.0, ! Raudus
     +10.4, 10.4, 11.7, 12.7, 13.4, 13.4, 13.4, 13.4, 13.4, ! Hies P-S viljava turvemaa
*PTkgI ja PpkgII
     +13.2, 13.2, 16.3, 17.3, 17.8, 18.0, 18.0, 18.0, 18.0, ! Manty
     +15.3, 15.3, 17.6, 19.0, 19.6, 19.9, 19.9, 19.9, 19.9, ! Kuusi (MT)
     +10.4, 10.4, 11.7, 12.7, 13.4, 13.4, 13.4, 13.4, 13.4, ! Raudus=Hies
     +10.4, 10.4, 11.7, 12.7, 13.4, 13.4, 13.4, 13.4, 13.4, ! Hies P-S viljava turvemaa
*Vtkg
     +12.8, 12.8, 15.3, 16.1, 16.5, 16.5, 16.5, 16.5, 16.5, ! Manty
     +12.8, 12.8, 15.3, 16.1, 16.5, 16.5, 16.5, 16.5, 16.5, ! Kuusi= manty Vatkg
     +10.4, 10.4, 11.7, 12.7, 13.4, 13.4, 13.4, 13.4, 13.4, ! Raudus=Hies
     +10.4, 10.4, 11.7, 12.7, 13.4, 13.4, 13.4, 13.4, 13.4/ ! Hies P-S viljava turvemaa
